--procs-- -----------------------memory---------------------- ---swap-- -----io---- -system-- ----------cpu----------
   r    b         swpd         free         buff        cache   si   so    bi    bo   in   cs  us  sy  id  wa  st  gu
   2    0       556760     11710712        43068      2952492 1071 1677  5493  4696 18713   28   3   1  95   0   0   0
   0    0       556760     11715572        43068      2952496    0    0     0     0 15732 30163   0   0 100   0   0   0
   0    0       556760     11715572        43068      2952496    0    0     0     0 14136 28179   0   0 100   0   0   0
   0    0       556760     11717344        43068      2952496    0    0     0     0 14180 28241   0   0 100   0   0   0
   0    0       556760     11717344        43076      2952496    0    0     0    60 14215 28287   0   0 100   0   0   0
   0    0       556760     11717344        43076      2952500    0    0     0     0 14217 28255   0   0 100   0   0   0
   1    0       556760     11717344        43084      2952500    0    0     0    32 14172 28226   0   0 100   0   0   0
   0    0       556760     11717344        43084      2952500    0    0     0     0 14197 28283   0   0 100   0   0   0
   0    0       556760     11717344        43084      2952500    0    0     0     0 14159 28211   0   0 100   0   0   0
   1    0       556760     11718508        43084      2952500    0    0     0     0 14194 28238   0   0 100   0   0   0
   1    0       556760     11719528        43092      2952500    0    0     0    44 14221 28315   0   0 100   0   0   0
   2    0       556760     11719556        43092      2952504    0    0     0     0 14233 28309   0   0 100   0   0   0
   0    0       556760     11719556        43100      2952500    0    0     0    12 14187 28256   0   0 100   0   0   0
   0    0       556760     11719808        43100      2952500    0    0     0     0 14216 28298   0   0 100   0   0   0
   0    0       556760     11719808        43100      2952500    0    0     0     0 14192 28225   0   0 100   0   0   0
   0    0       556760     11720568        43100      2952500    0    0     0     0 14298 28350   0   0 100   0   0   0
